50.00 250.00 0.00 50 50
54.29 250.00 0.00 50 50
58.57 250.00 0.00 50 50
62.86 250.00 0.00 50 50
67.14 250.00 0.00 50 50
71.43 250.00 0.00 50 50
75.71 250.00 0.00 50 50
80.00 250.00 0.00 50 50
84.28 250.00 0.00 50 50
88.57 250.00 0.00 50 50
92.85 250.00 0.00 50 50
97.14 250.00 0.00 50 50
101.42 250.00 0.00 50 50
105.71 250.00 0.00 50 50
109.99 250.00 0.00 50 50
114.28 250.00 0.00 50 50
118.56 250.00 0.00 50 50
122.85 250.00 0.00 50 50
127.13 250.00 0.00 50 50
131.42 250.00 0.00 50 50
135.70 250.00 0.00 50 50
139.99 250.00 0.00 50 0
142.12 249.84 351.45 50 0
144.21 249.37 342.89 10 10
145.03 249.12 342.89 0 10
146.62 248.47 336.05 10 0
148.50 247.46 327.49 50 0
150.22 246.18 318.94 50 0
151.72 244.65 310.38 50 10
153.27 242.60 303.54 50 0
154.32 240.73 294.98 50 0
156.75 237.76 293.27 50 0
159.00 236.51 284.72 10 0
159.70 236.57 277.87 50 0
159.84 234.43 269.32 50 0
159.66 232.30 260.77 50 0
159.16 230.22 252.21 10 10
158.90 229.40 252.21 0 10
158.77 228.99 253.92 50 0
158.03 226.99 245.37 50 0
156.99 225.11 236.81 50 0
155.69 223.41 228.26 50 50
152.84 220.22 228.26 50 50
149.99 217.02 228.26 0 50
148.68 215.32 236.81 0 50
147.65 213.45 245.37 0 50
146.90 211.44 253.92 10 50
146.34 208.93 260.77 0 50
146.15 206.80 269.32 50 50
146.10 202.52 269.32 50 50
146.05 198.23 269.32 0 50
146.18 196.10 277.87 50 50
146.77 191.85 277.87 50 0
146.91 189.71 269.32 50 50
146.85 185.43 269.32 0 50
146.99 183.29 277.87 10 50
147.49 180.77 284.72 50 50
148.49 176.64 281.30 50 50
150.92 171.72 276.16 10 10
152.96 169.76 284.72 10 10
153.18 168.93 284.72 0 50
153.87 166.91 293.27 50 50
155.60 162.29 293.27 50 50
157.29 158.35 293.27 50 50
158.99 154.41 293.27 0 50
159.97 152.51 301.83 0 50
161.24 150.78 310.38 50 0
162.50 149.05 301.83 50 10
164.98 146.71 291.56 50 50
166.56 142.72 291.56 50 50
168.13 138.74 291.56 50 0
168.77 136.70 283.01 50 50
169.73 132.52 283.01 50 0
170.06 130.41 274.45 50 50
170.39 126.13 274.45 0 10
170.43 125.71 276.16 10 10
170.52 124.85 276.16 50 0
170.60 122.71 267.61 50 50
170.42 118.43 267.61 0 50
170.49 116.29 276.16 10 0
170.53 115.87 274.45 50 50
170.86 111.60 274.45 10 10
170.93 110.74 274.45 50 0
170.93 108.60 265.90 0 50
170.94 106.46 274.45 50 0
170.95 104.32 265.90 0 50
170.95 102.18 274.45 50 0
170.96 100.04 265.90 10 0
170.92 99.61 264.19 10 10
170.84 98.76 264.19 0 50
170.78 96.62 272.74 50 0
170.72 94.48 264.19 0 10
170.68 94.05 265.90 50 50
170.38 89.78 265.90 10 10
170.32 88.92 265.90 0 50
170.32 86.78 274.45 0 50
170.65 84.67 283.01 50 0
170.97 82.55 274.45 0 50
172.73 79.72 276.16 10 10
172.82 78.87 276.16 0 50
173.21 76.76 284.72 0 50
174.49 74.55 294.98 50 50
176.30 70.67 294.98 0 50
177.35 68.80 303.54 10 50
178.89 66.75 310.38 50 50
181.67 63.48 310.38 50 50
184.44 60.22 310.38 50 50
187.22 56.96 310.38 50 50
189.99 53.69 310.38 50 50
192.77 50.43 310.38 50 50
195.55 47.16 310.38 50 50
198.32 43.90 310.38 50 50
201.10 40.64 310.38 10 50
202.88 38.78 317.23 0 50
204.55 37.45 325.78 10 10
206.41 36.38 334.34 0 50
208.40 35.60 342.89 50 50
212.49 34.33 342.89 50 50
216.59 33.07 342.89 10 50
219.09 32.46 349.73 0 50
221.22 32.24 358.29 50 50
225.50 32.11 358.29 0 50
227.64 32.21 6.84 50 50
231.89 32.72 6.84 50 50
236.15 33.23 6.84 50 50
240.40 33.74 6.84 50 50
244.66 34.25 6.84 10 50
248.91 34.76 6.84 50 50
253.16 35.27 6.84 50 50
257.42 35.78 6.84 50 50
261.67 36.29 6.84 50 50
265.93 36.80 6.84 50 50
270.18 37.31 6.84 0 50
272.28 37.72 15.40 10 10
274.30 38.44 23.95 0 50
276.19 39.46 32.51 0 50
277.90 40.74 41.06 0 50
279.41 42.26 49.62 50 50
282.18 45.52 49.62 0 50
283.45 47.25 58.17 0 50
284.44 49.15 66.73 50 50
286.13 53.08 66.73 10 50
287.00 55.50 73.57 0 50
287.46 57.59 82.13 0 50
287.59 59.73 90.68 50 50
287.54 64.01 90.68 50 50
287.49 68.30 90.68 50 50
287.44 72.58 90.68 50 50
287.39 76.87 90.68 50 50
287.34 81.15 90.68 50 50
287.29 85.44 90.68 50 50
287.24 89.72 90.68 50 50
287.18 94.01 90.68 50 50
287.13 98.29 90.68 50 50
287.08 102.58 90.68 50 50
287.03 106.86 90.68 50 50
286.98 111.15 90.68 50 50
286.93 115.43 90.68 50 50
286.88 119.72 90.68 50 50
286.83 124.00 90.68 50 50
286.78 128.29 90.68 50 50
286.73 132.57 90.68 50 50
286.68 136.86 90.68 50 50
286.63 141.14 90.68 50 50
286.57 145.43 90.68 50 50
286.52 149.71 90.68 50 0
286.66 151.85 82.13 50 10
287.16 154.37 75.28 50 0
287.85 156.39 66.73 50 10
289.01 158.69 59.88 50 0
290.22 160.45 51.33 50 0
291.67 162.02 42.77 50 0
293.35 163.36 34.22 50 0
295.20 164.43 25.66 50 50
299.06 166.28 25.66 50 0
301.06 167.06 17.11 50 0
303.14 167.54 8.55 50 0
305.28 167.70 360.00 50 50
309.56 167.70 360.00 50 50
313.85 167.70 360.00 50 50
318.13 167.70 360.00 50 50
322.42 167.70 360.00 50 50
326.70 167.70 360.00 50 50
330.99 167.70 360.00 50 50
335.27 167.70 360.00 50 50
339.56 167.70 360.00 50 50
343.84 167.70 360.00 50 50
348.13 167.70 360.00 50 50
352.41 167.70 360.00 50 50
356.70 167.70 360.00 50 50
360.98 167.70 360.00 50 50
365.27 167.70 360.00 50 50
369.56 167.70 360.00 50 50
373.84 167.70 360.00 50 50
378.13 167.70 360.00 0 50
380.26 167.86 8.55 0 50
382.35 168.33 17.11 10 50
384.75 169.23 23.95 0 10
386.64 170.24 32.51 50 50
390.25 172.55 32.51 0 50
391.97 173.83 41.06 0 50
393.48 175.35 49.62 10 50
395.02 177.40 56.46 10 50
396.31 179.62 63.30 0 50
397.13 181.60 71.86 0 50
397.64 183.68 80.41 0 50
397.84 185.81 88.97 50 50
397.92 190.10 88.97 50 50
398.00 194.38 88.97 0 50
397.88 196.52 97.52 10 50
397.32 200.77 97.52 50 50
396.75 205.01 97.52 50 50
396.19 209.26 97.52 50 50
395.63 213.51 97.52 50 50
395.07 217.76 97.52 50 0
394.95 219.90 88.97 50 50
395.03 224.18 88.97 50 50
395.10 228.47 88.97 50 50
395.18 232.75 88.97 50 10
395.38 235.31 82.13 50 50
395.97 239.56 82.13 50 50
396.55 243.80 82.13 50 10
397.06 246.32 75.28 50 50
398.14 250.47 75.28 50 50
399.23 254.61 75.28 50 10
400.03 257.05 68.44 50 10
401.12 259.38 61.59 50 0
402.27 261.18 53.04 50 0
403.68 262.79 44.48 50 0
405.31 264.18 35.93 50 0
407.14 265.30 27.38 50 0
409.10 266.14 18.82 50 0
411.18 266.68 10.27 50 50
415.39 267.45 10.27 50 50
419.61 268.21 10.27 50 0
421.74 268.43 1.71 50 50
426.02 268.56 1.71 50 50
430.30 268.69 1.71 50 50
434.59 268.82 1.71 50 50
438.87 268.95 1.71 50 0
441.01 268.85 353.16 50 50
445.26 268.34 353.16 50 50
449.52 267.83 353.16 50 50
453.77 267.32 353.16 50 50
458.03 266.81 353.16 50 50
462.28 266.30 353.16 50 50
466.54 265.79 353.16 50 10
470.79 265.28 353.16 50 50
475.05 264.77 353.16 50 50
479.30 264.26 353.16 50 50
483.56 263.74 353.16 50 10
486.08 263.29 346.31 50 0
488.12 262.63 337.76 50 50
492.09 261.01 337.76 50 0
